,year,month,day,week
20200704,0,1,7,40
20200705,0,1,8,41
20200706,0,1,9,35
20200707,0,1,10,36
20200708,0,1,11,37
20200709,0,1,12,38
20200710,0,1,13,39
20200711,0,1,14,40
20200712,0,1,15,41
20200713,0,1,16,35
20200714,0,1,17,36
20200715,0,1,18,37
20200716,0,1,19,38
20200717,0,1,20,39
20200718,0,1,21,40
20200719,0,1,22,41
20200720,0,1,23,35
20200721,0,1,24,36
20200722,0,1,25,37
20200723,0,1,26,38
20200724,0,1,27,39
20200725,0,1,28,40
20200726,0,1,29,41
20200727,0,1,30,35
20200728,0,1,31,36
20200729,0,1,32,37
20200730,0,1,33,38
20200731,0,1,34,39
20200801,0,2,4,40
20200802,0,2,5,41
20200803,0,2,6,35
20200804,0,2,7,36
20200805,0,2,8,37
20200806,0,2,9,38
20200807,0,2,10,39
20200808,0,2,11,40
20200809,0,2,12,41
20200810,0,2,13,35
20200811,0,2,14,36
20200812,0,2,15,37
20200813,0,2,16,38
20200814,0,2,17,39
20200815,0,2,18,40
20200816,0,2,19,41
20200817,0,2,20,35
20200818,0,2,21,36
20200819,0,2,22,37
20200820,0,2,23,38
20200821,0,2,24,39
20200822,0,2,25,40
20200823,0,2,26,41
20200824,0,2,27,35
20200825,0,2,28,36
20200826,0,2,29,37
20200827,0,2,30,38
20200828,0,2,31,39
20200829,0,2,32,40
20200830,0,2,33,41
20200831,0,2,34,35
20200901,0,3,4,36
20200902,0,3,5,37
20200903,0,3,6,38
20200904,0,3,7,39
20200905,0,3,8,40
